41
-0.582087 0.0747704 -0.875109
-0.17539 -0.665454 -0.501304
-0.516565 -0.0855893 -0.625326
0.0767433 -0.640431 -0.213851
-0.416218 -0.336573 -0.792814
-0.185558 -0.466888 -0.500724
-0.0140046 -0.658095 -0.270356
-0.295929 -0.440262 -0.162851
0.0800626 0.458448 0.0947551
-0.432997 -0.32501 -0.819762
-0.18913 -0.477152 -0.534048
-0.215823 -0.556789 -0.528832
-0.631644 0.954641 -0.371197
-0.440121 -0.346381 -0.481889
-0.594948 0.0446671 -0.896552
-0.384731 0.335642 -0.679803
-0.693968 0.300359 -0.656331
-1 0.711967 0.295856
-0.448258 -0.359906 -0.745581
-0.306041 -0.446898 -0.54448
0.439873 1 0.337583
-0.680578 0.0324618 -0.893074
-0.177323 -0.547476 -0.501884
-0.328684 0.904112 -0.662706
0.334291 0.789863 0.654593
-0.446827 -0.273645 -0.820921
-0.620136 0.0982564 -0.93683
-0.247674 -0.631817 -0.526224
0.85661 -1 1
-0.579553 0.0548748 -1
-0.413666 0.378855 -0.31643
1 -0.911935 0.445958
-0.696055 0.109974 -0.946682
-0.0648739 -0.88089 -0.235294
-0.67779 0.335161 -0.656331
-0.191757 -0.626833 -0.529122
-0.581242 0.173732 -0.563025
-0.672166 0.583024 -0.396697
0.192932 -0.877516 0.0214431
-0.534573 -0.517619 -0.749058
-0.207527 -0.503225 -0.532889
