41
-0.453362 -0.104197 -0.597993
-0.131581 -0.638393 -0.514808
-0.275674 -0.307625 -0.255867
0.188457 -0.629193 -0.189513
-0.493892 -0.417818 -0.835896
-0.112816 -0.527129 -0.487296
0.574575 -0.78841 0.132869
0.222791 0.173146 0.417058
-0.152695 -0.521588 -0.517398
-0.141871 -0.578822 -0.515456
-0.119733 -0.536144 -0.518692
-0.155541 -0.531373 -0.515456
-0.680777 0.0136688 -0.652047
-0.383402 -0.462749 -0.425473
-0.421158 -0.11968 -0.536495
-0.679974 -0.168345 -1
-0.829337 -0.172088 -0.977019
-0.865863 -0.175709 -0.908076
0.66879 -1 0.553649
-0.232552 -0.529656 -0.495064
-0.0115986 1 -0.0733128
-0.683567 -0.144491 -0.596051
-0.134351 -0.616791 -0.517398
-0.30751 0.308582 -0.687975
1 0.320093 1
-0.495202 -0.411673 -0.841075
-0.276431 0.0922299 -0.311215
0.141805 -0.80287 -0.181745
-1 -0.253974 -0.527108
-0.331859 -0.0660964 -0.709985
-0.508942 -0.0912484 -0.618061
-0.1184 -0.639306 -0.407024
-0.623988 0.114329 -0.362033
-0.170733 -0.651663 -0.473054
-0.821178 -0.161381 -0.977019
-0.128288 -0.628371 -0.518045
-0.752057 -0.201705 -0.908076
-0.614917 0.138434 -0.362033
0.12093 -0.735835 -0.227383
-0.396988 -0.74239 -0.468846
-0.090912 -0.558879 -0.483412
